2.1 4.18
2.2 4.376845048300261
2.3000000000000003 4.591365959007733
2.4000000000000004 4.824393431931547
2.5000000000000004 5.076757933819666
5.076757933819666


2.05 4.09
2.0999999999999996 4.184161874208078
2.1499999999999995 4.28258948619012
2.1999999999999993 4.385386695338231
2.249999999999999 4.492657352785758
2.299999999999999 4.604505297578012
2.3499999999999988 4.721034353102122
2.3999999999999986 4.842348323777135
2.4499999999999984 4.968550992003271
2.4999999999999982 5.09974611536733
5.09974611536733
